<?xml version="1.0" encoding="utf-8"?>
<COLLADA xmlns="http://www.collada.org/2005/11/COLLADASchema" version="1.4.1">
  <asset><contributor><author></author><authoring_tool>FBX COLLADA exporter</authoring_tool><comments></comments></contributor><created>2014-03-21T22:01:05Z</created><keywords></keywords><modified>2014-03-21T22:01:05Z</modified><revision></revision><subject></subject><title></title><unit meter="0.010000" name="centimeter"></unit><up_axis>Y_UP</up_axis></asset>
  <library_materials>
    <material id="blinn1" name="blinn1">
      <instance_effect url="#blinn1-fx"/>
    </material>
  </library_materials>
  <library_effects>
    <effect id="blinn1-fx" name="blinn1">
      <profile_COMMON>
        <technique sid="standard">
          <phong>
            <emission>
              <color sid="emission">0.000000  0.000000 0.000000 1.000000</color>
            </emission>
            <ambient>
              <color sid="ambient">0.257725  0.257725 0.257725 1.000000</color>
            </ambient>
            <diffuse>
              <color sid="diffuse">0.627451  0.373786 0.172241 1.000000</color>
            </diffuse>
            <specular>
              <color sid="specular">0.500000  0.500000 0.500000 1.000000</color>
            </specular>
            <shininess>
              <float sid="shininess">6.311791</float>
            </shininess>
            <reflective>
              <color sid="reflective">0.000000  0.000000 0.000000 1.000000</color>
            </reflective>
            <reflectivity>
              <float sid="reflectivity">0.500000</float>
            </reflectivity>
            <transparent opaque="RGB_ZERO">
              <color sid="transparent">0.000000  0.000000 0.000000 1.000000</color>
            </transparent>
            <transparency>
              <float sid="transparency">1.000000</float>
            </transparency>
          </phong>
        </technique>
      </profile_COMMON>
    </effect>
  </library_effects>
  <library_geometries>
    <geometry id="pCube1-lib" name="pCube1Mesh">
      <mesh>
        <source id="pCube1-POSITION">
          <float_array id="pCube1-POSITION-array" count="255">
-0.000873 -0.000849 0.000051
0.001148 0.000312 0.000007
-0.001511 0.000076 -0.000035
-0.000808 -0.000823 -0.000415
0.001375 0.000074 -0.000323
-0.001152 0.000026 -0.000461
-0.000932 -0.000903 0.000798
-0.000475 -0.000929 0.000934
0.000101 -0.000903 0.000937
0.000624 -0.000842 0.000765
-0.000463 0.000971 0.000689
-0.000126 0.000949 0.000688
0.000374 0.000798 0.000731
0.000818 0.000738 0.000786
-0.000647 0.000541 -0.000889
-0.000097 0.000668 -0.000929
0.000381 0.000757 -0.000749
0.000586 0.000854 -0.000670
-0.000548 -0.000756 -0.000580
-0.000203 -0.000800 -0.000679
0.000297 -0.000947 -0.000654
0.000916 -0.000988 -0.000559
-0.001118 -0.000924 0.000542
0.000170 -0.000296 0.001386
0.000932 -0.000104 0.001111
-0.000349 -0.000206 0.001241
-0.000701 0.000044 0.000848
0.000449 0.001071 -0.000003
0.000948 0.000954 0.000060
-0.000083 0.000895 -0.000015
-0.000497 0.000946 0.000015
0.000252 -0.000107 -0.001163
0.000979 -0.000085 -0.001169
-0.000256 -0.000097 -0.001255
-0.000731 -0.000034 -0.000940
0.000061 -0.001099 0.000037
0.001010 -0.000822 0.000088
-0.000247 -0.001131 0.000059
-0.000647 -0.001085 0.000086
0.001134 -0.000354 0.000139
0.001111 0.000690 -0.000087
0.001119 0.000496 0.000479
-0.001153 -0.000416 0.000013
-0.001099 0.000038 0.000551
-0.000926 0.000497 0.000009
0.000694 0.000981 -0.000422
0.000442 0.001124 -0.000466
-0.000489 0.000599 -0.000443
-0.000002 0.000684 -0.000426
0.001058 -0.001062 -0.000304
0.000297 -0.001309 -0.000385
-0.000589 -0.000990 -0.000384
-0.000218 -0.001018 -0.000362
0.001169 -0.000517 -0.000280
0.000933 0.000556 -0.000395
-0.000788 0.000398 -0.000388
-0.000871 -0.000404 -0.000399
0.000859 -0.000506 0.000964
0.000087 -0.000628 0.001327
0.000292 0.000317 0.001164
0.000733 0.000526 0.000848
-0.000498 0.000537 0.000679
-0.000180 0.000634 0.000876
-0.000535 -0.000629 0.001221
-0.001033 -0.000501 0.001055
0.001103 0.000910 0.000524
0.000542 0.000790 0.000518
-0.000148 0.001097 0.000412
-0.000446 0.001037 0.000377
0.000793 0.000345 -0.000785
0.000499 0.000290 -0.000991
0.000193 -0.000473 -0.001015
0.000952 -0.000560 -0.000777
-0.000577 -0.000428 -0.000719
-0.000214 -0.000420 -0.000872
-0.000098 0.000217 -0.001190
-0.000822 0.000310 -0.001114
0.000181 -0.000951 0.000440
0.000748 -0.000887 0.000485
-0.000748 -0.001122 0.000521
-0.000276 -0.001081 0.000507
0.001218 0.000787 0.000544
0.001193 -0.000431 0.000705
-0.001048 -0.000409 0.000494
-0.000698 0.000661 0.000424
</float_array>
          <technique_common>
            <accessor source="#pCube1-POSITION-array" count="85" stride="3">
              <param name="X" type="float"/>
              <param name="Y" type="float"/>
              <param name="Z" type="float"/>
            </accessor>
          </technique_common>
        </source>
        <source id="pCube1-Normal0">
          <float_array id="pCube1-Normal0-array" count="255">
-0.833976 -0.508948 -0.213204
0.998660 0.030971 0.041469
-0.972772 0.226296 -0.050046
-0.772935 -0.467089 -0.429417
0.970011 0.044649 -0.238923
-0.858140 0.049934 -0.510982
-0.545617 -0.578079 0.606735
-0.097785 -0.770388 0.630032
0.169139 -0.803562 0.570684
0.401205 -0.751957 0.523062
-0.498733 0.614610 0.611163
-0.037333 0.731210 0.681130
0.099753 0.754493 0.648682
0.269242 0.650366 0.710305
-0.400300 0.790749 -0.463116
-0.099341 0.747946 -0.656283
0.061889 0.669525 -0.740207
0.499776 0.533083 -0.682676
-0.407174 -0.511172 -0.756910
-0.199617 -0.626892 -0.753100
0.041489 -0.659357 -0.750685
0.435956 -0.592298 -0.677588
-0.913881 -0.401234 0.061912
0.098233 0.106884 0.989407
0.598178 0.055900 0.799411
-0.305972 0.243376 0.920407
-0.600194 0.351614 0.718425
0.011428 0.999923 -0.004903
0.502650 0.863298 -0.045386
-0.156407 0.968369 -0.194416
-0.476919 0.844663 -0.243089
0.155699 -0.156760 -0.975287
0.598683 -0.037614 -0.800102
-0.181183 -0.239772 -0.953772
-0.656274 -0.175337 -0.733868
0.167969 -0.969038 0.180972
0.643484 -0.735620 0.211638
-0.025697 -0.999669 0.000820
-0.334744 -0.932497 -0.135632
0.964452 -0.233018 0.124638
0.916662 0.363717 -0.165651
0.948322 0.042610 0.314435
-0.945387 -0.307029 -0.109439
-0.848583 0.298214 0.437007
-0.752664 0.656496 -0.050096
0.578115 0.734666 -0.355034
-0.088815 0.950751 -0.296957
-0.446827 0.847767 -0.285720
-0.265176 0.912836 -0.310502
0.621373 -0.783515 -0.000212
0.132894 -0.985670 -0.103893
-0.314397 -0.879127 -0.358177
-0.160347 -0.913357 -0.374255
0.944667 -0.289797 -0.153696
0.798537 0.447969 -0.402071
-0.743642 0.572795 -0.344823
-0.784230 -0.355601 -0.508459
0.591179 -0.355296 0.724066
0.135577 -0.393360 0.909333
0.085415 0.386402 0.918367
0.457907 0.328235 0.826185
-0.572564 0.414987 0.707076
-0.241367 0.444114 0.862847
-0.278799 -0.234989 0.931156
-0.674892 -0.017853 0.737701
0.454005 0.856993 0.243807
0.078584 0.967009 0.242317
-0.001858 0.993171 0.116656
-0.537683 0.837396 0.098315
0.590988 0.448950 -0.670206
0.212651 0.369239 -0.904678
0.068323 -0.483302 -0.872784
0.602744 -0.412649 -0.682949
-0.534655 -0.416639 -0.735225
-0.225315 -0.499064 -0.836761
-0.009378 0.283442 -0.958943
-0.589268 0.349609 -0.728379
0.217077 -0.951406 0.218411
0.488419 -0.840596 0.234191
-0.279441 -0.949575 0.142199
0.050729 -0.965914 0.253843
0.896289 0.265794 0.354992
0.913905 -0.251723 0.318455
-0.955136 -0.079199 0.285382
-0.752082 0.568095 0.334126
</float_array>
          <technique_common>
            <accessor source="#pCube1-Normal0-array" count="85" stride="3">
              <param name="X" type="float"/>
              <param name="Y" type="float"/>
              <param name="Z" type="float"/>
            </accessor>
          </technique_common>
        </source>
        <source id="pCube1-UV0">
          <float_array id="pCube1-UV0-array" count="232">
0.371935 0.353959
0.113087 0.485318
0.039097 0.472238
0.333471 0.215754
0.398829 0.228467
0.420855 0.309425
0.359477 0.115842
0.408819 0.144810
0.442009 0.082997
0.401562 0.036794
0.064487 0.397045
0.247656 0.391724
0.014374 0.645531
0.066858 0.625293
0.088537 0.711840
0.026219 0.757325
0.807096 0.448524
0.786378 0.422170
0.876288 0.462469
0.860899 0.473679
0.745924 0.474215
0.703641 0.397426
0.241698 0.496134
0.303111 0.392712
0.188734 0.599501
0.243306 0.698534
0.685937 0.517416
0.650135 0.480368
0.605984 0.524235
0.648787 0.540892
0.228000 0.752666
0.145765 0.771285
0.060864 0.833123
0.185512 0.151059
0.251704 0.180611
0.275505 0.229229
0.908556 0.558977
0.863899 0.540857
0.780299 0.493043
0.794562 0.569294
0.726831 0.613162
0.702352 0.555707
0.846262 0.612808
0.844765 0.654134
0.826260 0.681106
0.810379 0.621838
0.700089 0.767561
0.687436 0.698900
0.753317 0.670744
0.775455 0.734809
0.668921 0.621921
0.667761 0.575668
0.912764 0.615883
0.911000 0.690626
0.881686 0.735144
0.804478 0.799309
0.692608 0.816896
0.602484 0.578559
0.601804 0.660311
0.638094 0.715447
0.204476 0.094672
0.184691 0.246731
0.252974 0.135920
0.147995 0.024626
0.149306 0.085243
0.256932 0.059460
0.218266 0.018039
0.606330 0.366180
0.653773 0.400982
0.561321 0.438084
0.564567 0.368803
0.637527 0.281401
0.247134 0.977750
0.285225 0.984496
0.715890 0.267731
0.177312 0.924143
0.122611 0.157527
0.652700 0.207124
0.711374 0.198389
0.102063 0.225288
0.257699 0.868908
0.207921 0.880463
0.258368 0.792437
0.643449 0.157841
0.689984 0.141039
0.574985 0.281233
0.530317 0.233734
0.532530 0.193661
0.595768 0.206439
0.459270 0.334221
0.404639 0.411188
0.470256 0.250946
0.204334 0.980527
0.506565 0.385114
0.483200 0.068801
0.553635 0.097940
0.194629 0.942493
0.243078 0.914745
0.536048 0.140834
0.477487 0.124190
0.468441 0.187442
0.600602 0.157477
0.615262 0.123922
0.488599 0.446627
0.499782 0.015504
0.581231 0.031669
0.286572 0.915784
0.648557 0.081795
0.157779 0.895785
0.238112 0.837599
0.125362 0.865591
0.194675 0.868417
0.172221 0.830028
0.229973 0.304150
0.105592 0.302532
0.291188 0.285677
</float_array>
          <technique_common>
            <accessor source="#pCube1-UV0-array" count="116" stride="2">
              <param name="S" type="float"/>
              <param name="T" type="float"/>
            </accessor>
          </technique_common>
        </source>
        <vertices id="pCube1-VERTEX">
          <input semantic="POSITION" source="#pCube1-POSITION"/>
          <input semantic="NORMAL" source="#pCube1-Normal0"/>
        </vertices>
        <triangles count="166" material="blinn1"><input semantic="VERTEX" offset="0" source="#pCube1-VERTEX"/><input semantic="TEXCOORD" offset="1" set="0" source="#pCube1-UV0"/><p> 82 10 24 1 57 2 24 1 82 10 41 11 25 14 58 12 23 13 58 12 25 14 63 15 58 12 57 2 23 13 24 1 23 13 57 2 58 3 9 5 57 0 9 5 58 3 8 4 58 3 7 7 8 4 7 7 58 3 63 6 60 17 81 18 13 16 13 16 81 18 65 19 12 20 60 17 13 16 60 17 12 20 59 21 24 1 41 11 60 22 81 23 60 22 41 11 24 1 59 24 23 13 59 24 24 1 60 22 62 25 25 14 59 24 59 24 25 14 23 13 61 30 25 14 62 25 25 14 61 30 26 31 12 20 62 27 59 21 62 27 12 20 11 26 10 29 62 27 11 26 62 27 10 29 61 28 63 6 64 9 6 8 6 8 7 7 63 6 26 31 63 15 25 14 63 15 26 31 64 32 81 18 28 37 65 19 28 37 81 18 40 36 67 41 27 39 29 40 27 39 67 41 66 38 28 37 66 38 65 19 66 38 28 37 27 39 12 20 13 16 66 38 13 16 65 19 66 38 66 38 67 41 12 20 11 26 12 20 67 41 46 45 17 43 16 44 17 43 46 45 45 42 28 37 45 42 27 39 27 39 45 42 46 45 15 49 47 47 48 48 47 47 15 49 14 46 27 39 48 48 29 40 48 48 27 39 46 45 30 50 29 40 47 47 29 40 48 48 47 47 16 44 48 48 46 45 48 48 16 44 15 49 67 41 10 29 11 26 10 29 67 41 68 51 29 40 68 51 67 41 68 51 29 40 30 50 4 61 69 34 54 35 69 34 4 61 32 33 45 42 54 52 17 43 54 52 69 53 17 43 75 65 31 60 33 66 31 60 75 65 70 62 70 62 32 33 31 60 32 33 70 62 69 34 70 54 17 43 69 53 17 43 70 54 16 44 70 54 15 49 16 44 15 49 70 54 75 55 53 69 21 67 72 68 53 69 49 70 21 67 20 71 72 68 21 67 72 68 20 71 71 74 4 61 72 76 32 33 4 61 53 79 72 76 72 76 71 64 31 60 72 76 31 60 32 33 74 63 31 60 71 64 31 60 74 63 33 66 74 92 34 97 33 72 34 97 74 92 73 96 19 77 71 74 20 71 71 74 19 77 74 78 19 77 18 83 74 78 18 83 73 84 74 78 75 55 76 56 14 46 75 55 14 46 15 49 34 97 75 73 33 72 75 73 34 97 76 106 49 70 50 85 21 67 21 67 50 85 20 71 52 88 35 86 37 87 35 86 52 88 50 85 52 88 20 71 50 85 20 71 52 88 19 77 57 0 78 89 82 90 78 89 57 0 9 5 8 4 77 91 9 5 9 5 77 91 78 89 35 86 78 89 77 91 78 89 35 86 36 93 0 95 79 99 22 94 79 99 0 95 38 98 22 94 79 99 6 8 80 100 35 86 77 91 35 86 80 100 37 87 80 100 38 98 37 87 38 98 80 100 79 99 8 4 80 100 77 91 80 100 8 4 7 7 79 99 7 7 6 8 7 7 79 99 80 100 18 83 51 101 3 102 52 88 18 83 19 77 18 83 52 88 51 101 0 95 51 101 38 98 51 101 0 95 3 102 38 98 51 101 37 87 37 87 51 101 52 88 39 114 4 61 1 113 4 61 39 114 53 79 36 93 53 69 39 103 53 69 36 93 49 70 40 115 1 113 54 35 1 113 4 61 54 35 28 37 40 36 45 42 40 36 54 52 45 42 40 115 81 23 41 11 41 11 1 113 40 115 41 11 82 10 39 114 41 11 39 114 1 113 78 89 39 103 82 90 39 103 78 89 36 93 64 9 83 104 6 8 6 8 83 104 22 94 83 110 43 112 42 108 43 112 2 111 42 108 64 32 26 31 83 110 26 31 43 112 83 110 83 104 0 95 22 94 0 95 83 104 42 105 10 29 84 57 61 28 84 57 10 29 68 51 43 112 84 82 44 109 43 112 44 109 2 111 30 50 84 57 68 51 84 57 30 50 44 58 84 82 26 31 61 30 26 31 84 82 43 112 55 80 76 106 34 97 55 80 34 97 5 81 47 47 14 46 55 59 76 56 55 59 14 46 44 109 5 81 2 111 5 81 44 109 55 80 30 50 55 59 44 58 55 59 30 50 47 47 3 102 73 84 18 83 73 84 3 102 56 107 42 108 2 111 56 75 2 111 5 81 56 75 42 105 3 102 0 95 3 102 42 105 56 107 5 81 73 96 56 75 5 81 34 97 73 96 50 85 36 93 35 86 36 93 50 85 49 70</p></triangles>
      </mesh>
    </geometry>
  </library_geometries>
  <library_controllers>
    <controller id="pCube1Controller">
      <skin source="#pCube1-lib">
        <bind_shape_matrix>3236.439070 -0.000000 0.000000 -0.000000 0.000000 3236.439070 -0.000000 0.000000 0.000000 0.000000 3236.439070 -0.000000 0.000000 0.000000 0.000000 1.000000
</bind_shape_matrix>
        <source id="pCube1Controller-Joints">
          <Name_array id="pCube1Controller-Joints-array" count="7">
 joint7 joint1 joint2 joint3 joint4 joint5 joint6</Name_array>
          <technique_common>
            <accessor source="#pCube1Controller-Joints-array" count="7">
              <param type="name"/>
            </accessor>
          </technique_common>
        </source>
        <source id="pCube1Controller-Matrices">
          <float_array id="pCube1Controller-Matrices-array" count="112">

1.000000 0.000000 0.000000 -0.061700 -0.000000 1.000000 0.000000 0.018779 0.000000 -0.000000 1.000000 0.056987 0.000000 0.000000 0.000000 1.000000
1.000000 0.000000 0.000000 2.400473 -0.000000 1.000000 0.000000 -0.000000 0.000000 -0.000000 1.000000 1.290207 0.000000 0.000000 0.000000 1.000000
1.000000 0.000000 0.000000 1.137808 -0.000000 1.000000 0.000000 -1.558011 0.000000 -0.000000 1.000000 -1.402710 0.000000 0.000000 0.000000 1.000000
1.000000 0.000000 0.000000 -2.406157 -0.000000 1.000000 0.000000 -0.198895 0.000000 -0.000000 1.000000 -1.162832 0.000000 0.000000 0.000000 1.000000
1.000000 0.000000 0.000000 -0.582953 -0.000000 1.000000 0.000000 2.220994 0.000000 -0.000000 1.000000 -0.367252 0.000000 0.000000 0.000000 1.000000
1.000000 0.000000 0.000000 0.875611 -0.000000 1.000000 0.000000 2.022099 0.000000 -0.000000 1.000000 -2.289904 0.000000 0.000000 0.000000 1.000000
1.000000 0.000000 0.000000 -0.881295 -0.000000 1.000000 0.000000 -1.160221 0.000000 -0.000000 1.000000 1.953190 0.000000 0.000000 0.000000 1.000000</float_array>
          <technique_common>
            <accessor source="#pCube1Controller-Matrices-array" count="7" stride="16">
              <param type="float4x4"/>
            </accessor>
          </technique_common>
        </source>
        <source id="pCube1Controller-Weights">
          <float_array id="pCube1Controller-Weights-array" count="252">

1.000000 0.446247 0.253064 0.300689 0.488907 0.485334 0.025759 0.475092 0.475092 0.049816 0.461183 0.421113 0.117704 0.439158 0.439158 0.121683
0.499783 0.499783 0.489097 0.021805 0.489097 0.499647 0.499647 0.478717 0.044618 0.476665 0.433417 0.433417 0.133167 0.499320 0.001359 0.499320
0.497166 0.497166 0.005668 0.405147 0.362567 0.232285 0.475867 0.048266 0.475867 0.461438 0.451397 0.087165 0.489762 0.020476 0.489762 0.499666
0.499666 0.497273 0.005454 0.497273 0.492075 0.352736 0.155189 0.464199 0.176246 0.359555 0.480145 0.477092 0.042763 0.456301 0.087398 0.456301
0.467200 0.065600 0.467200 0.462851 0.077654 0.459495 0.485491 0.485491 0.029019 0.479372 0.057683 0.462946 0.421976 0.411993 0.166031 0.437456
0.205994 0.356550 0.414232 0.401141 0.184627 0.581487 0.331482 0.087031 0.492107 0.035682 0.472211 0.481572 0.037881 0.480546 0.474511 0.050978
0.474511 0.355671 0.299339 0.344990 0.494576 0.494576 0.010848 0.497188 0.497188 0.005625 0.415970 0.168061 0.415970 0.466600 0.466600 0.066799
0.387926 0.311462 0.300612 0.479090 0.477350 0.043560 0.422905 0.415595 0.161500 0.497678 0.497678 0.004644 0.478135 0.472891 0.048974 0.409134
0.184763 0.406103 0.400987 0.310850 0.288163 0.477452 0.045095 0.477452 0.483181 0.033638 0.483181 0.647131 0.254684 0.098185 0.699212 0.019255
0.281534 0.448115 0.103770 0.448115 0.489211 0.489211 0.021579 0.383085 0.255619 0.361297 0.481620 0.042446 0.475933 0.393544 0.364933 0.241523
0.446113 0.122084 0.431803 0.614732 0.373530 0.011737 0.542683 0.451305 0.006012 0.437299 0.437299 0.125402 0.484371 0.031258 0.484371 0.364197
0.316029 0.319774 0.483125 0.033750 0.483125 0.499951 0.499951 0.497697 0.497697 0.004606 0.497695 0.004611 0.497695 0.475843 0.048313 0.475843
0.482336 0.482336 0.035329 0.484024 0.145749 0.370227 0.494625 0.494625 0.010749 0.497776 0.004448 0.497776 0.495812 0.008377 0.495812 0.499494
0.001012 0.499494 0.475104 0.160816 0.364080 0.363032 0.322012 0.314956 0.583035 0.394574 0.022391 0.570882 0.280134 0.148984 0.466287 0.067426
0.466287 0.480509 0.480509 0.038983 0.490966 0.490966 0.018069 0.467022 0.065956 0.467022 0.470412 0.059175 0.470412 0.465444 0.126524 0.408032
0.488009 0.488009 0.023982 0.481223 0.481223 0.037554 0.477894 0.157710 0.364395 0.499241 0.001519 0.499241</float_array>
          <technique_common>
            <accessor source="#pCube1Controller-Weights-array" count="252">
              <param type="float"/>
            </accessor>
          </technique_common>
        </source>
        <joints>
          <input semantic="JOINT" source="#pCube1Controller-Joints"/>
          <input semantic="INV_BIND_MATRIX" source="#pCube1Controller-Matrices"/>
        </joints>
        <vertex_weights count="85">
          <input semantic="JOINT" offset="0" source="#pCube1Controller-Joints"/>
          <input semantic="WEIGHT" offset="1" source="#pCube1Controller-Weights"/>
          <vcount>3 3 3 3 3 2 3 2 3 3 3 3 3 3 3 3 2 3 3 3 3 3 3 3 3 3 3 3 3 3 3 3 3 3 3 3 3 3 3 3 3 3 3 3 3 3 3 3 3 3 3 3 3 3 3 3 3 3 3 3 3 2 3 3 3 3 3 3 3 3 3 3 3 3 3 3 3 3 3 3 3 3 3 3 3</vcount>
          <v>0 1 1 2 5 3 0 4 3 5 6 6 0 7 1 8 2 9 0 10 1 11 4 12 0 13 3 14 6 15 0 16 1 17 0 18 4 19 5 20 0 21 5 22 0 23 4 24 5 25 0 26 4 27 5 28 0 29 1 30 2 31 0 32 2 33 3 34 0 35 2 36 3 37 0 38 2 39 3 40 0 41 1 42 6 43 0 44 1 45 6 46 0 47 6 48 0 49 3 50 6 51 0 52 1 53 4 54 0 55 1 56 4 57 0 58 4 59 6 60 0 61 3 62 4 63 0 64 4 65 5 66 0 67 3 68 5 69 0 70 3 71 4 72 0 73 2 74 5 75 0 76 2 77 5 78 0 79 2 80 6 81 0 82 3 83 6 84 0 85 2 86 6 87 0 88 1 89 2 90 0 91 1 92 6 93 0 94 3 95 6 96 0 97 1 98 6 99 0 100 1 101 6 102 0 103 4 104 5 105 0 106 3 107 4 108 0 109 4 110 5 111 0 112 4 113 5 114 0 115 3 116 4 117 0 118 3 119 6 120 0 121 3 122 6 123 0 124 1 125 5 126 0 127 1 128 2 129 0 130 1 131 2 132 0 133 3 134 6 135 0 136 2 137 6 138 0 139 1 140 6 141 0 142 2 143 6 144 0 145 3 146 4 147 0 148 4 149 5 150 0 151 1 152 4 153 0 154 1 155 4 156 0 157 3 158 4 159 0 160 3 161 6 162 0 163 1 164 2 165 0 166 1 167 4 168 0 169 3 170 4 171 0 172 4 173 5 174 0 175 2 176 3 177 0 178 2 179 3 180 0 181 2 182 0 183 2 184 3 185 0 186 4 187 5 188 0 189 2 190 5 191 0 192 3 193 6 194 0 195 2 196 3 197 0 198 2 199 6 200 0 201 1 202 2 203 0 204 3 205 6 206 0 207 3 208 6 209 0 210 4 211 6 212 0 213 4 214 6 215 0 216 1 217 4 218 0 219 1 220 6 221 0 222 1 223 6 224 0 225 1 226 6 227 0 228 4 229 5 230 0 231 3 232 4 233 0 234 4 235 5 236 0 237 4 238 5 239 0 240 3 241 6 242 0 243 3 244 4 245 0 246 1 247 5 248 0 249 1 250 2 251</v>
        </vertex_weights>
      </skin>
    </controller>
  </library_controllers>
  <library_animations>
    <animation id="joint7-anim" name="joint7"><animation><source id="joint7-Matrix-animation-input"><float_array id="joint7-Matrix-animation-input-array" count="52">

0.000000 0.041667 0.083333 0.125000 0.166667 0.208333 0.250000 0.291667 0.333333 0.375000 0.416667 0.458333 0.500000 0.541667 0.583333 0.625000
0.666667 0.708333 0.750000 0.791667 0.833333 0.875000 0.916667 0.958333 1.000000 1.041667 1.083333 1.125000 1.166667 1.208333 1.250000 1.291667
1.333333 1.375000 1.416667 1.458333 1.500000 1.541667 1.583333 1.625000 1.666667 1.708333 1.750000 1.791667 1.833333 1.875000 1.916667 1.958333
2.000000 2.041667 2.083333 2.125000</float_array><technique_common><accessor source="#joint7-Matrix-animation-input-array" count="52"><param name="TIME" type="float"/></accessor></technique_common></source><source id="joint7-Matrix-animation-output-transform"><float_array id="joint7-Matrix-animation-output-transform-array" count="832">

1.000000 0.000000 0.000000 0.061700 0.000000 1.000000 0.000000 -0.018779 0.000000 0.000000 1.000000 -0.056987 0.000000 0.000000 0.000000 1.000000
0.992421 0.000000 0.122888 0.061700 0.000000 1.000000 0.000000 -0.018779 -0.122888 0.000000 0.992421 -0.056987 0.000000 0.000000 0.000000 1.000000
0.969797 0.000000 0.243914 0.061700 0.000000 1.000000 0.000000 -0.018779 -0.243914 0.000000 0.969797 -0.056987 0.000000 0.000000 0.000000 1.000000
0.932472 0.000000 0.361242 0.061700 0.000000 1.000000 0.000000 -0.018779 -0.361242 0.000000 0.932472 -0.056987 0.000000 0.000000 0.000000 1.000000
0.881012 0.000000 0.473094 0.061700 0.000000 1.000000 0.000000 -0.018779 -0.473094 0.000000 0.881012 -0.056987 0.000000 0.000000 0.000000 1.000000
0.816197 0.000000 0.577774 0.061700 0.000000 1.000000 0.000000 -0.018779 -0.577774 0.000000 0.816197 -0.056987 0.000000 0.000000 0.000000 1.000000
0.739009 0.000000 0.673696 0.061700 0.000000 1.000000 0.000000 -0.018779 -0.673696 0.000000 0.739009 -0.056987 0.000000 0.000000 0.000000 1.000000
0.650618 0.000000 0.759405 0.061700 0.000000 1.000000 0.000000 -0.018779 -0.759405 0.000000 0.650618 -0.056987 0.000000 0.000000 0.000000 1.000000
0.552365 0.000000 0.833602 0.061700 0.000000 1.000000 0.000000 -0.018779 -0.833602 0.000000 0.552365 -0.056987 0.000000 0.000000 0.000000 1.000000
0.445738 0.000000 0.895163 0.061700 0.000000 1.000000 0.000000 -0.018779 -0.895163 0.000000 0.445738 -0.056987 0.000000 0.000000 0.000000 1.000000
0.332355 0.000000 0.943154 0.061700 0.000000 1.000000 0.000000 -0.018779 -0.943154 0.000000 0.332355 -0.056987 0.000000 0.000000 0.000000 1.000000
0.213933 0.000000 0.976848 0.061700 0.000000 1.000000 0.000000 -0.018779 -0.976848 0.000000 0.213933 -0.056987 0.000000 0.000000 0.000000 1.000000
0.092268 0.000000 0.995734 0.061700 0.000000 1.000000 0.000000 -0.018779 -0.995734 0.000000 0.092268 -0.056987 0.000000 0.000000 0.000000 1.000000
-0.030795 0.000000 0.999526 0.061700 0.000000 1.000000 0.000000 -0.018779 -0.999526 0.000000 -0.030795 -0.056987 0.000000 0.000000 0.000000 1.000000
-0.153392 0.000000 0.988165 0.061700 0.000000 1.000000 0.000000 -0.018779 -0.988165 0.000000 -0.153392 -0.056987 0.000000 0.000000 0.000000 1.000000
-0.273663 0.000000 0.961826 0.061700 0.000000 1.000000 0.000000 -0.018779 -0.961826 0.000000 -0.273663 -0.056987 0.000000 0.000000 0.000000 1.000000
-0.389786 0.000000 0.920906 0.061700 0.000000 1.000000 0.000000 -0.018779 -0.920906 0.000000 -0.389786 -0.056987 0.000000 0.000000 0.000000 1.000000
-0.500000 0.000000 0.866025 0.061700 0.000000 1.000000 0.000000 -0.018779 -0.866025 0.000000 -0.500000 -0.056987 0.000000 0.000000 0.000000 1.000000
-0.602635 0.000000 0.798017 0.061700 0.000000 1.000000 0.000000 -0.018779 -0.798017 0.000000 -0.602635 -0.056987 0.000000 0.000000 0.000000 1.000000
-0.696134 0.000000 0.717912 0.061700 0.000000 1.000000 0.000000 -0.018779 -0.717912 0.000000 -0.696134 -0.056987 0.000000 0.000000 0.000000 1.000000
-0.779081 0.000000 0.626924 0.061700 0.000000 1.000000 0.000000 -0.018779 -0.626924 0.000000 -0.779081 -0.056987 0.000000 0.000000 0.000000 1.000000
-0.850217 0.000000 0.526432 0.061700 0.000000 1.000000 0.000000 -0.018779 -0.526432 0.000000 -0.850217 -0.056987 0.000000 0.000000 0.000000 1.000000
-0.908465 0.000000 0.417960 0.061700 0.000000 1.000000 0.000000 -0.018779 -0.417960 0.000000 -0.908465 -0.056987 0.000000 0.000000 0.000000 1.000000
-0.952942 0.000000 0.303153 0.061700 0.000000 1.000000 0.000000 -0.018779 -0.303153 0.000000 -0.952942 -0.056987 0.000000 0.000000 0.000000 1.000000
-0.982973 0.000000 0.183750 0.061700 0.000000 1.000000 0.000000 -0.018779 -0.183750 0.000000 -0.982973 -0.056987 0.000000 0.000000 0.000000 1.000000
-0.998103 0.000000 0.061561 0.061700 0.000000 1.000000 0.000000 -0.018779 -0.061561 0.000000 -0.998103 -0.056987 0.000000 0.000000 0.000000 1.000000
-0.998103 0.000000 -0.061561 0.061700 0.000000 1.000000 0.000000 -0.018779 0.061561 0.000000 -0.998103 -0.056987 0.000000 0.000000 0.000000 1.000000
-0.982973 0.000000 -0.183750 0.061700 0.000000 1.000000 0.000000 -0.018779 0.183750 0.000000 -0.982973 -0.056987 0.000000 0.000000 0.000000 1.000000
-0.952942 0.000000 -0.303153 0.061700 0.000000 1.000000 0.000000 -0.018779 0.303153 0.000000 -0.952942 -0.056987 0.000000 0.000000 0.000000 1.000000
-0.908465 0.000000 -0.417960 0.061700 0.000000 1.000000 0.000000 -0.018779 0.417960 0.000000 -0.908465 -0.056987 0.000000 0.000000 0.000000 1.000000
-0.850217 0.000000 -0.526432 0.061700 0.000000 1.000000 0.000000 -0.018779 0.526432 0.000000 -0.850217 -0.056987 0.000000 0.000000 0.000000 1.000000
-0.779081 0.000000 -0.626924 0.061700 0.000000 1.000000 0.000000 -0.018779 0.626924 0.000000 -0.779081 -0.056987 0.000000 0.000000 0.000000 1.000000
-0.696134 0.000000 -0.717912 0.061700 0.000000 1.000000 0.000000 -0.018779 0.717912 0.000000 -0.696134 -0.056987 0.000000 0.000000 0.000000 1.000000
-0.602635 0.000000 -0.798017 0.061700 0.000000 1.000000 0.000000 -0.018779 0.798017 0.000000 -0.602635 -0.056987 0.000000 0.000000 0.000000 1.000000
-0.500000 0.000000 -0.866025 0.061700 0.000000 1.000000 0.000000 -0.018779 0.866025 0.000000 -0.500000 -0.056987 0.000000 0.000000 0.000000 1.000000
-0.389786 0.000000 -0.920906 0.061700 0.000000 1.000000 0.000000 -0.018779 0.920906 0.000000 -0.389786 -0.056987 0.000000 0.000000 0.000000 1.000000
-0.273663 0.000000 -0.961826 0.061700 0.000000 1.000000 0.000000 -0.018779 0.961826 0.000000 -0.273663 -0.056987 0.000000 0.000000 0.000000 1.000000
-0.153391 0.000000 -0.988166 0.061700 0.000000 1.000000 0.000000 -0.018779 0.988166 0.000000 -0.153391 -0.056987 0.000000 0.000000 0.000000 1.000000
-0.030795 0.000000 -0.999526 0.061700 0.000000 1.000000 0.000000 -0.018779 0.999526 0.000000 -0.030795 -0.056987 0.000000 0.000000 0.000000 1.000000
0.092269 0.000000 -0.995734 0.061700 0.000000 1.000000 0.000000 -0.018779 0.995734 0.000000 0.092269 -0.056987 0.000000 0.000000 0.000000 1.000000
0.213933 0.000000 -0.976848 0.061700 0.000000 1.000000 0.000000 -0.018779 0.976848 0.000000 0.213933 -0.056987 0.000000 0.000000 0.000000 1.000000
0.332355 0.000000 -0.943154 0.061700 0.000000 1.000000 0.000000 -0.018779 0.943154 0.000000 0.332355 -0.056987 0.000000 0.000000 0.000000 1.000000
0.445738 0.000000 -0.895163 0.061700 0.000000 1.000000 0.000000 -0.018779 0.895163 0.000000 0.445738 -0.056987 0.000000 0.000000 0.000000 1.000000
0.552365 0.000000 -0.833602 0.061700 0.000000 1.000000 0.000000 -0.018779 0.833602 0.000000 0.552365 -0.056987 0.000000 0.000000 0.000000 1.000000
0.650618 0.000000 -0.759405 0.061700 0.000000 1.000000 0.000000 -0.018779 0.759405 0.000000 0.650618 -0.056987 0.000000 0.000000 0.000000 1.000000
0.739009 0.000000 -0.673696 0.061700 0.000000 1.000000 0.000000 -0.018779 0.673696 0.000000 0.739009 -0.056987 0.000000 0.000000 0.000000 1.000000
0.816197 0.000000 -0.577774 0.061700 0.000000 1.000000 0.000000 -0.018779 0.577774 0.000000 0.816197 -0.056987 0.000000 0.000000 0.000000 1.000000
0.881012 0.000000 -0.473094 0.061700 0.000000 1.000000 0.000000 -0.018779 0.473094 0.000000 0.881012 -0.056987 0.000000 0.000000 0.000000 1.000000
0.932472 0.000000 -0.361242 0.061700 0.000000 1.000000 0.000000 -0.018779 0.361242 0.000000 0.932472 -0.056987 0.000000 0.000000 0.000000 1.000000
0.969797 0.000000 -0.243914 0.061700 0.000000 1.000000 0.000000 -0.018779 0.243914 0.000000 0.969797 -0.056987 0.000000 0.000000 0.000000 1.000000
0.992420 0.000000 -0.122889 0.061700 0.000000 1.000000 0.000000 -0.018779 0.122889 0.000000 0.992420 -0.056987 0.000000 0.000000 0.000000 1.000000
1.000000 0.000000 -0.000000 0.061700 0.000000 1.000000 0.000000 -0.018779 0.000000 0.000000 1.000000 -0.056987 0.000000 0.000000 0.000000 1.000000</float_array><technique_common><accessor source="#joint7-Matrix-animation-output-transform-array" count="52" stride="16"><param type="float4x4"/></accessor></technique_common></source><source id="joint7-Interpolations"><Name_array id="joint7-Interpolations-array" count="52">
 LINEAR LINEAR LINEAR LINEAR LINEAR LINEAR LINEAR LINEAR LINEAR LINEAR LINEAR
LINEAR LINEAR LINEAR LINEAR LINEAR LINEAR LINEAR LINEAR LINEAR LINEAR LINEAR LINEAR
LINEAR LINEAR LINEAR LINEAR LINEAR LINEAR LINEAR LINEAR LINEAR LINEAR LINEAR LINEAR
LINEAR LINEAR LINEAR LINEAR LINEAR LINEAR LINEAR LINEAR LINEAR LINEAR LINEAR LINEAR
LINEAR LINEAR LINEAR LINEAR LINEAR</Name_array><technique_common><accessor source="#joint7-Interpolations-array" count="52"><param type="name"/></accessor></technique_common></source><sampler id="joint7-Matrix-animation-transform"><input semantic="INPUT" source="#joint7-Matrix-animation-input"/><input semantic="OUTPUT" source="#joint7-Matrix-animation-output-transform"/><input semantic="INTERPOLATION" source="#joint7-Interpolations"/></sampler><channel source="#joint7-Matrix-animation-transform" target="joint7/matrix"/></animation><animation><source id="joint7-visibility-animation-input"><float_array id="joint7-visibility-animation-input-array" count="9">

0.000000 0.291667 0.625000 0.916667 1.208333 1.458333 1.750000 1.916667 2.125000</float_array><technique_common><accessor source="#joint7-visibility-animation-input-array" count="9"><param name="TIME" type="float"/></accessor></technique_common></source><source id="joint7-visibility-animation-output"><float_array id="joint7-visibility-animation-output-array" count="9">

1.000000 1.000000 1.000000 1.000000 1.000000 1.000000 1.000000 1.000000 1.000000</float_array><technique_common><accessor source="#joint7-visibility-animation-output-array" count="9"><param type="float"/></accessor></technique_common></source><source id="joint7-visibility-animation-intan"><float_array id="joint7-visibility-animation-intan-array" count="9">

0.000000 0.000000 0.000000 0.000000 0.000000 0.000000 0.000000 0.000000 0.000000</float_array><technique_common><accessor source="#joint7-visibility-animation-intan-array" count="9"><param type="float"/></accessor></technique_common></source><source id="joint7-visibility-animation-outtan"><float_array id="joint7-visibility-animation-outtan-array" count="9">

0.000000 0.000000 0.000000 0.000000 0.000000 0.000000 0.000000 0.000000 0.000000</float_array><technique_common><accessor source="#joint7-visibility-animation-outtan-array" count="9"><param type="float"/></accessor></technique_common></source><source id="joint7-visibility-animation-interpolation"><Name_array id="joint7-visibility-animation-interpolation-array" count="9">
 STEP STEP STEP STEP STEP STEP STEP STEP STEP</Name_array><technique_common><accessor source="#joint7-visibility-animation-interpolation-array" count="9"><param type="name"/></accessor></technique_common></source><sampler id="joint7-visibility-animation"><input semantic="INPUT" source="#joint7-visibility-animation-input"/><input semantic="OUTPUT" source="#joint7-visibility-animation-output"/><input semantic="IN_TANGENT" source="#joint7-visibility-animation-intan"/><input semantic="OUT_TANGENT" source="#joint7-visibility-animation-outtan"/><input semantic="INTERPOLATION" source="#joint7-visibility-animation-interpolation"/></sampler><channel source="#joint7-visibility-animation" target="joint7/visibility"/></animation></animation>
    <animation id="joint1-anim" name="joint1"><animation><source id="joint1-Matrix-animation-input"><float_array id="joint1-Matrix-animation-input-array" count="52">

0.000000 0.041667 0.083333 0.125000 0.166667 0.208333 0.250000 0.291667 0.333333 0.375000 0.416667 0.458333 0.500000 0.541667 0.583333 0.625000
0.666667 0.708333 0.750000 0.791667 0.833333 0.875000 0.916667 0.958333 1.000000 1.041667 1.083333 1.125000 1.166667 1.208333 1.250000 1.291667
1.333333 1.375000 1.416667 1.458333 1.500000 1.541667 1.583333 1.625000 1.666667 1.708333 1.750000 1.791667 1.833333 1.875000 1.916667 1.958333
2.000000 2.041667 2.083333 2.125000</float_array><technique_common><accessor source="#joint1-Matrix-animation-input-array" count="52"><param name="TIME" type="float"/></accessor></technique_common></source><source id="joint1-Matrix-animation-output-transform"><float_array id="joint1-Matrix-animation-output-transform-array" count="832">

1.000000 0.000000 0.000000 -2.462173 0.000000 1.000000 0.000000 0.018779 0.000000 0.000000 1.000000 -1.233220 0.000000 0.000000 0.000000 1.000000
1.000000 0.000000 0.000000 -2.506874 0.000000 1.000000 0.000000 0.058982 0.000000 0.000000 1.000000 -1.290728 0.000000 0.000000 0.000000 1.000000
1.000000 0.000000 0.000000 -2.623078 0.000000 1.000000 0.000000 0.162664 0.000000 0.000000 1.000000 -1.439038 0.000000 0.000000 0.000000 1.000000
1.000000 0.000000 0.000000 -2.783942 0.000000 1.000000 0.000000 0.304432 0.000000 0.000000 1.000000 -1.641829 0.000000 0.000000 0.000000 1.000000
1.000000 0.000000 0.000000 -2.962617 0.000000 1.000000 0.000000 0.458896 0.000000 0.000000 1.000000 -1.862781 0.000000 0.000000 0.000000 1.000000
1.000000 0.000000 0.000000 -3.132260 0.000000 1.000000 0.000000 0.600664 0.000000 0.000000 1.000000 -2.065573 0.000000 0.000000 0.000000 1.000000
1.000000 0.000000 0.000000 -3.266023 0.000000 1.000000 0.000000 0.704346 0.000000 0.000000 1.000000 -2.213882 0.000000 0.000000 0.000000 1.000000
1.000000 0.000000 0.000000 -3.337062 0.000000 1.000000 0.000000 0.744549 0.000000 0.000000 1.000000 -2.271390 0.000000 0.000000 0.000000 1.000000
1.000000 0.000000 -0.000000 -3.364109 0.000000 1.000000 0.000000 0.651249 0.000000 0.000000 1.000000 -2.180960 0.000000 0.000000 0.000000 1.000000
1.000000 0.000000 0.000000 -3.384434 0.000000 1.000000 0.000000 0.405276 0.000000 0.000000 1.000000 -1.942555 0.000000 0.000000 0.000000 1.000000
1.000000 0.000000 0.000000 -3.398998 0.000000 1.000000 0.000000 0.057521 0.000000 0.000000 1.000000 -1.605498 0.000000 0.000000 0.000000 1.000000
1.000000 0.000000 0.000000 -3.408760 0.000000 1.000000 0.000000 -0.341125 0.000000 0.000000 1.000000 -1.219116 0.000000 0.000000 0.000000 1.000000
1.000000 0.000000 0.000000 -3.414682 0.000000 1.000000 0.000000 -0.739771 0.000000 0.000000 1.000000 -0.832734 0.000000 0.000000 0.000000 1.000000
1.000000 -0.000000 0.000000 -3.417722 -0.000000 1.000000 0.000000 -1.087526 0.000000 -0.000000 1.000000 -0.495677 0.000000 0.000000 0.000000 1.000000
1.000000 -0.000000 0.000000 -3.418843 0.000000 1.000000 0.000000 -1.333499 0.000000 -0.000000 1.000000 -0.257271 0.000000 0.000000 0.000000 1.000000
1.000000 -0.000000 0.000000 -3.419003 0.000000 1.000000 0.000000 -1.426799 0.000000 -0.000000 1.000000 -0.166841 0.000000 0.000000 0.000000 1.000000
1.000000 -0.000000 -0.000000 -3.418853 -0.000000 1.000000 -0.000000 -1.273571 0.000000 -0.000000 1.000000 -0.243298 0.000000 0.000000 0.000000 1.000000
1.000000 0.000000 0.000000 -3.417803 -0.000000 1.000000 -0.000000 -0.878403 0.000000 0.000000 1.000000 -0.440477 0.000000 0.000000 0.000000 1.000000
1.000000 0.000000 0.000000 -3.414954 -0.000000 1.000000 -0.000000 -0.338072 0.000000 -0.000000 1.000000 -0.710088 0.000000 0.000000 0.000000 1.000000
1.000000 -0.000000 0.000000 -3.409407 -0.000000 1.000000 0.000000 0.250647 -0.000000 -0.000000 1.000000 -1.003845 0.000000 0.000000 0.000000 1.000000
1.000000 0.000000 0.000000 -3.400261 0.000000 1.000000 0.000000 0.790978 0.000000 0.000000 1.000000 -1.273456 0.000000 0.000000 0.000000 1.000000
1.000000 -0.000000 0.000000 -3.386617 0.000000 1.000000 0.000000 1.186145 0.000000 -0.000000 1.000000 -1.470635 0.000000 0.000000 0.000000 1.000000
1.000000 -0.000000 0.000000 -3.367575 0.000000 1.000000 0.000000 1.339373 0.000000 -0.000000 1.000000 -1.547092 0.000000 0.000000 0.000000 1.000000
1.000000 0.000000 0.000000 -3.237010 0.000000 1.000000 0.000000 1.336846 0.000000 0.000000 1.000000 -1.544383 0.000000 0.000000 0.000000 1.000000
1.000000 -0.000000 0.000000 -2.935753 0.000000 1.000000 0.000000 1.330330 0.000000 0.000000 1.000000 -1.536715 0.000000 0.000000 0.000000 1.000000
1.000000 0.000000 0.000000 -2.533339 -0.000000 1.000000 -0.000000 1.321419 0.000000 0.000000 1.000000 -1.524776 0.000000 0.000000 0.000000 1.000000
1.000000 0.000000 0.000000 -2.099306 -0.000000 1.000000 -0.000000 1.311711 0.000000 0.000000 1.000000 -1.509251 0.000000 0.000000 0.000000 1.000000
1.000000 0.000000 0.000000 -1.703189 0.000000 1.000000 -0.000000 1.302800 0.000000 0.000000 1.000000 -1.490831 0.000000 0.000000 0.000000 1.000000
1.000000 0.000000 0.000000 -1.414526 0.000000 1.000000 -0.000000 1.296284 0.000000 0.000000 1.000000 -1.470202 0.000000 0.000000 0.000000 1.000000
1.000000 -0.000000 0.000000 -1.302852 0.000000 1.000000 0.000000 1.293757 0.000000 -0.000000 1.000000 -1.448051 0.000000 0.000000 0.000000 1.000000
1.000000 -0.000000 0.000000 -1.320335 0.000000 1.000000 0.000000 1.296349 0.000000 -0.000000 1.000000 -1.417794 0.000000 0.000000 0.000000 1.000000
1.000000 0.000000 0.000000 -1.364958 -0.000000 1.000000 -0.000000 1.304519 0.000000 0.000000 1.000000 -1.377118 0.000000 0.000000 0.000000 1.000000
1.000000 0.000000 0.000000 -1.424980 0.000000 1.000000 0.000000 1.318862 0.000000 0.000000 1.000000 -1.333125 0.000000 0.000000 0.000000 1.000000
1.000000 -0.000000 0.000000 -1.488662 -0.000000 1.000000 -0.000000 1.339969 0.000000 0.000000 1.000000 -1.292912 0.000000 0.000000 0.000000 1.000000
1.000000 0.000000 0.000000 -1.544263 -0.000000 1.000000 0.000000 1.368433 -0.000000 0.000000 1.000000 -1.263578 0.000000 0.000000 0.000000 1.000000
1.000000 0.000000 0.000000 -1.580045 0.000000 1.000000 0.000000 1.404848 0.000000 0.000000 1.000000 -1.252223 0.000000 0.000000 0.000000 1.000000
1.000000 0.000000 0.000000 -1.599016 -0.000000 1.000000 0.000000 1.457741 0.000000 0.000000 1.000000 -1.281583 0.000000 0.000000 0.000000 1.000000
1.000000 0.000000 0.000000 -1.612610 -0.000000 1.000000 0.000000 1.528843 -0.000000 0.000000 1.000000 -1.362959 0.000000 0.000000 0.000000 1.000000
1.000000 0.000000 0.000000 -1.621722 -0.000000 1.000000 0.000000 1.608551 0.000000 0.000000 1.000000 -1.486291 0.000000 0.000000 0.000000 1.000000
1.000000 0.000000 0.000000 -1.627249 0.000000 1.000000 0.000000 1.687263 0.000000 0.000000 1.000000 -1.641518 0.000000 0.000000 0.000000 1.000000
1.000000 0.000000 0.000000 -1.630087 0.000000 1.000000 0.000000 1.755376 0.000000 0.000000 1.000000 -1.818582 0.000000 0.000000 0.000000 1.000000
1.000000 0.000000 0.000000 -1.631133 0.000000 1.000000 0.000000 1.803285 0.000000 0.000000 1.000000 -2.007423 0.000000 0.000000 0.000000 1.000000
1.000000 0.000000 0.000000 -1.631282 0.000000 1.000000 0.000000 1.821389 0.000000 0.000000 1.000000 -2.197982 0.000000 0.000000 0.000000 1.000000
1.000000 0.000000 0.000000 -1.488973 0.000000 1.000000 0.000000 1.797738 0.000000 0.000000 1.000000 -2.479229 0.000000 0.000000 0.000000 1.000000
